17150522460
17096414261
17137796247
17191917455
16574489975
16574488587
17150522475
17096414482
17137797994
16558785251
16558785249
16558785248
16510825012
16510825005
16510825011
16510825015
16510825006
16574486918
16574489980
16574487748
17137796419
17096414312
17152707848
17137364953
17137366477
17137365040
17096414347
17130604963
17109324204
17109324210
17109324132
17134025332
18866670045
18866674227
18866478794
18866670054
15263819410
17134025331
18866674211
17134025330
17109324202
17154190449
17154190458
17154190453
17154190452
17154190457
17154190455
17061315810
15263819409
17052254492
17052254496
17052254508
17052254498
17052254521
17052254526
17052254530
17052253165
17052254547
17052254537
17155401470
17109324132
17134025332
18866670045
18866674227
18866478794
18866670054
15263819410
17134025331
18866674211
17134025330
17157726294
18866478945
18866478714
17109324203
17109324197
17109324200
17109324121
17109324122
17109324205
17109324198
17137366436
17137366486
17061315807
17061315801
17061315800
17061315804
17061315802
17061315790
17061315811
17137366423
18866674195
18866478647
18866478814
18866674230
18866478544
16739465448
18866674213
18866478849
18866674223
18866478524
18866478574
18866674189
15263819405
14613351803
16534261681
18866478645
15263819407
18866674206
18866478974
18866674208
18866478574
18866674189
15263819405
14613351803
16534261681
18866478645
15263819407
18866674206
18866478974
18866674208
15263819407
18866674206
18866478974
18866674208
15263819401
18866478654
17046837674
17046837649
17046837647
17046837742
18866478647
18866478814
18866674230
18866478544
16739465448
18866674213
18866478849
18866674223
18866478524
18866478840
18866478647
18866478814
18866674230
18866478544
16739465448
18866674213
18866478849
18866674223
18866478524
18866478840
18866478914
15263819432
18866478743
18866479341
18866674210
18866674203
18866674180
17128240041
17128240047
17128240046
17128240148
17128240241
17128240034
17128240154
17128240045
17128240164
17128240043
17128240174
17128240042
17128240184
17128240194
17128240204
17128240149
17157721140
17157721141
15263819415
19965412404
18866478549
18866674052
16533907260
17128240194
17128240204
17128240149
17157721140
17157721141
15263819415
19965412404
18866478549
18866674052
16533907260
16533907254
16533907258
16533907259
16533907261
16533907253
16533907256
16533907262
16533907263
16533907257
17131948031
16533907254
16533907258
16533907259
16533907261
16533907253
16533907256
16533907262
16533907263
16533907257
17131948031
17131948030
17096414324
17131948032
17150522460
17096414261
17137796247
17191917455
16574489975
16574488587
17150522475
17096414482
17137797994
16558785251
16558785249
16558785248
16510825012
16510825005
16510825011
16510825015
16510825006
16574486918
16574489980
16574487748
17137796419
17096414312
17152707848
17137364953
17137366477
17137365040
17096414347
17130604963
17109324204
17109324210
17109324132
17134025332
18866670045
18866674227
18866478794
18866670054
15263819410
17134025331
18866674211
17134025330
17109324202
17154190449
17154190458
17154190453
17154190452
17154190457
17154190455
17061315810
15263819409
17052254492
17052254496
17052254508
17052254498
17052254521
17052254526
17052254530
17052253165
17052254547
17052254537
17155401470
17109324132
17134025332
18866670045
18866674227
18866478794
18866670054
15263819410
17134025331
18866674211
17134025330
17157726294
18866478945
18866478714
17109324203
17109324197
17109324200
17109324121
17109324122
17109324205
17109324198
17137366436
17137366486
17061315807
17061315801
17061315800
17061315804
17061315802
17061315790
17061315811
17137366423
17137366423
17137366564
17137366473
17137366684
17137365344
17137365475
17137366624
17137365348
17137366804
16739465445
18866478574
18866674189
15263819405
14613351803
16534261681
18866478645
15263819407
18866674206
18866478974
18866674208
15263819401
18866478654
17046837674
17046837649
17046837647
17046837742
17046837724
15263819419
18866478774
18866674195
18866478647
18866478814
18866674230
18866478544
16739465448
18866674213
18866478849
18866674223
18866478524
18866478840
18866478914
15263819432
18866478743
18866479341
18866674210
18866674203
18866674180
17128240041
17128240047
17128240046
17128240148
17128240241
17128240034
17128240154
17128240045
17128240164
17128240043
17128240174
17128240042
17128240184
17128240194
17128240204
17128240149
17157721140
17157721141
15263819415
19965412404
18866478549
18866674052
16533907260
16533907254
16533907258
16533907259
16533907261
16533907253
16533907256
16533907262
16533907263
16533907257
17131948031
17131948030
16574487748
16574486961
16574489975
16574488587
16558785251
17061315801
